An array of the sum of numbers that pass trial division by the first 64 primes and 
and a base-2 fermat test. Each element is the count of numbers in an interval of 2^32


--------------------------- Probable Prime Count -----------------------------

96823434, 96816880, 96828014, 96812535, 96827544, 96822439, 96815310, 96811716, // 18446744073709551616
96815213, 96818558, 96824280, 96819074, 96815428, 96809384, 96811603, 96813998, // 18446744108069289984
96820625, 96826237, 96813097, 96830582, 96818838, 96827680, 96807955, 96816852, // 18446744142429028352-18446744176788766720
96810260, 96822422, 96821799, 96828334, 96821029, 96822774, 96815076, 96818052, // 18446744176788766720-18446744211148505088
96830145, 96807569, 96812380, 96814476, 96809434, 96820008, 96810955, 96828441, // 18446744211148505088-18446744245508243456
96824655, 96811166, 96819815, 96808867, 96812404, 96820678, 96816028, 96813082, // 18446744245508243456-18446744279867981824
96812834, 96815826, 96824733, 96812499, 96808301, 96819967, 96820213, 96824978, // 18446744279867981824-18446744314227720192
96824619, 96816677, 96810286, 96828355, 96832096, 96811921, 96830375, 96827083, // 18446744314227720192-18446744348587458560

96806737, 96810483, 96814158, 96811066, 96826143, 96813849, 96816515, 96818644, // 18446744348587458560-18446744382947196928
96811097, 96824096, 96821841, 96830211, 96830839, 96823327, 96826732, 96823464, // 18446744382947196928-18446744417306935296
96822697, 96822014, 96822410, 96817502, 96814203, 96818041, 96823704, 96818089, // 18446744417306935296-18446744451666673664
96815150, 96813438, 96808896, 96828395, 96817374, 96812671, 96813184, 96808477, // 18446744451666673664-18446744486026412032
96823659, 96806781, 96813824, 96807018, 96834366, 96813837, 96825607, 96822987, // 18446744486026412032-18446744520386150400
96814291, 96809576, 96818096, 96826784, 96818894, 96815533, 96821511, 96824735, // 18446744520386150400-18446744554745888768
96831417, 96824413, 96818904, 96808164, 96818583, 96810344, 96820973, 96813834, // 18446744554745888768-18446744589105627136
96817427, 96810898, 96828823, 96814889, 96807132, 96820966, 96816718, 96820478, // 18446744589105627136-18446744623465365504      
                                                            
96819173, 96811061, 96809190, 96800523, 96820319, 96811214, 96818725, 96810760, // 18446744623465365504-18446744657825103872
96813747, 96821146, 96807760, 96821050, 96816861, 96809773, 96824348, 96819206, // 18446744657825103872-18446744692184842240
96810592, 96820883, 96823962, 96821917, 96823143, 96820373, 96814600, 96817520, // 18446744692184842240-
96819543, 96815499, 96812939, 96813175, 96818288, 96814363, 96810886, 96819337, // 18446744760904318976
96822898, 96832829, 96819589, 96816840, 96824658, 96810500, 96818357, 96828206, // 18446744795264057344
96819610, 96828451, 96820333, 96812249, 96815328, 96825555, 96823047, 96815186, // 18446744829623795712
96817802, 96816493, 96800023, 96818436, 96821309, 96827680, 96807667, 96817955, // 18446744863983534080
96803345, 96821948, 96826221, 96825596, 96813543, 96808294, 96818572, 96810149, // 18446744932703010816

96816374, 96811031, 96806952, 96815098, 96818744, 96810261, 96812411, 96804768, // 18446744967062749184
96814387, 96830324, 96827872, 96801407, 96813895, 96819732, 96822362, 96825225, // 18446745001422487552
96819158, 96830799, 96814118, 96816805, 96821411, 96833127, 96813782, 96828454, // 18446745035782225920
96817944, 96811126, 96820156, 96816521, 96813948, 96815517, 96824680, 96813287, // 18446745070141964288
96810110, 96825213, 96812320, 96816712, 96815816, 96821904, 96815957, 96813092, // 18446745104501702656
96818796, 96815311, 96832587, 96825751, 96823805, 96825353, 96816536, 96820375, // 18446745138861441024
96813321, 96822439, 96820452, 96820257, 96815932, 96816739, 96821681, 96809347, // 18446745173221179392-18446745207580917760

-------------------------------------------------------------------------------

-------------Total Sum--------------

           24010866824
           
------------------------------------
